11222870
12218605
13224231
14223944
15224035
16218870
17216654
18226011
19228949
110253257
111206610
21220301
22217979
23221800
24219668
25216508
26216746
27213573
28213373
29217557
210217410
211217843
31225420
32228439
33224153
34223874
35224878
36227219
37225166
38230115
39223072
310226182
311224675
41242305
42239914
43354484
44234752
45295833
46255311
47248177
48240918
49256904
410245675
411259327
51259548
52271281
53258764
54258160
55252766
56256564
57262704
58253394
59257013
510262138
511257308
61276608
62261006
63265535
64255589
65251875
66251387
67259080
68255578
69265749
610259937
611257996
71276946
72276175
73277191
74271830
75271516
76277928
77278410
78275779
79274330
710282047
711272620
81266076
82277771
83284215
84282783
85327221
86280776
87279021
88270787
89270952
810270218
811274856
91284609
92282603
93282896
94284236
95276811
96281213
97286224
98278205
99278034
910283866
911279405
101293610
102292676
103295961
104300441
105290642
106290813
107287002
108283810
109287639
1010291654
1011289843
111320933
112313781
113306828
114322116
115310038
116317430
117309688
118315735
119310550
1110312810
1111311424
121310352
122304642
123308699
124305823
125303601
126304481
127304661
128305842
129346801
1210303993
1211303001
131314841
132315250
133317513
134314288
135317189
136316372
137314248
138312750
139317954
1310312904
1311317343
141339348
142334211
143335677
144341388
145340013
146338318
147335200
148336986
149338530
1410336775
1411351511
151339243
152331389
153329862
154330583
155334723
156329834
157334832
158329579
159331047
1510334435
1511330156
161345141
162336634
163343522
164339327
165337777
166336480
167338245
168338772
169341386
1610354539
1611350919
171362445
172346729
173343127
174347282
175343718
176352015
177345653
178346051
179346788
1710346969
1711346538
181405614
182353665
183354646
184354169
185352100
186356675
187351897
188355203
189356073
1810356440
1811355891
191369947
192370844
193373847
194380053
195395208
196383703
197397542
198396670
199456037
1910445119
1911390173
